# QuaGroup 1.8.4, GAP 4.12.1
basis_V1 = "[ 1*v0, F1*v0 ]"
F_V1 = [ [ 0, 0 ], [ 1, 0 ] ]
K_V1 = [ [ q, 0 ], [ 0, q^-1 ] ]
K_inv_V1 = [ [ q^-1, 0 ], [ 0, q ] ]
E_V1 = [ [ 0, 1 ], [ 0, 0 ] ]
basis_V2 = "[ 1*v0, F1*v0, F1^(2)*v0 ]"
F_V2 = [ [ 0, 0, 0 ], [ 1, 0, 0 ], [ 0, q+q^-1, 0 ] ]
K_V2 = [ [ q^2, 0, 0 ], [ 0, 1, 0 ], [ 0, 0, q^-2 ] ]
K_inv_V2 = [ [ q^-2, 0, 0 ], [ 0, 1, 0 ], [ 0, 0, q^2 ] ]
E_V2 = [ [ 0, q+q^-1, 0 ], [ 0, 0, 1 ], [ 0, 0, 0 ] ]
basis_V3 = "[ 1*v0, F1*v0, F1^(2)*v0, F1^(3)*v0 ]"
F_V3 = [ [ 0, 0, 0, 0 ], [ 1, 0, 0, 0 ], [ 0, q+q^-1, 0, 0 ], [ 0, 0, q^2+1+q^-2, 0 ] ]
K_V3 = [ [ q^3, 0, 0, 0 ], [ 0, q, 0, 0 ], [ 0, 0, q^-1, 0 ], [ 0, 0, 0, q^-3 ] ]
K_inv_V3 = [ [ q^-3, 0, 0, 0 ], [ 0, q^-1, 0, 0 ], [ 0, 0, q, 0 ], [ 0, 0, 0, q^3 ] ]
E_V3 = [ [ 0, q^2+1+q^-2, 0, 0 ], [ 0, 0, q+q^-1, 0 ], [ 0, 0, 0, 1 ], [ 0, 0, 0, 0 ] ]
RMatrix_V1 = [ [ 1, 0, 0, 0 ], [ 0, q, -q^2+1, 0 ], [ 0, 0, q, 0 ], [ 0, 0, 0, 1 ] ]
basis_T1 = "[ 1*(1*v0<x>1*v0), 1*(1*v0<x>F1*v0), 1*(F1*v0<x>1*v0), 1*(F1*v0<x>F1*v0) ]"
F_T1 = [ [ 0, 0, 0, 0 ], [ 1, 0, 0, 0 ], [ q^-1, 0, 0, 0 ], [ 0, q, 1, 0 ] ]
K_T1 = [ [ q^2, 0, 0, 0 ], [ 0, 1, 0, 0 ], [ 0, 0, 1, 0 ], [ 0, 0, 0, q^-2 ] ]
K_inv_T1 = [ [ q^-2, 0, 0, 0 ], [ 0, 1, 0, 0 ], [ 0, 0, 1, 0 ], [ 0, 0, 0, q^2 ] ]
E_T1 = [ [ 0, q, 1, 0 ], [ 0, 0, 0, 1 ], [ 0, 0, 0, q^-1 ], [ 0, 0, 0, 0 ] ]
RMatrix_V2 = [ [ q^-2, 0, 0, 0, 0, 0, 0, 0, 0 ], [ 0, 1, 0, -q^2+q^-2, 0, 0, 0, 0, 0 ], [ 0, 0, q^2, 0, -q^3+q, 0, q^4-q^2-1+q^-2, 0, 0 ], [ 0, 0, 0, 1, 0, 0, 0, 0, 0 ], [ 0, 0, 0, 0, 1, 0, -q^3-q+q^-1+q^-3, 0, 0 ], [ 0, 0, 0, 0, 0, 1, 0, -q^2+q^-2, 0 ], [ 0, 0, 0, 0, 0, 0, q^2, 0, 0 ], [ 0, 0, 0, 0, 0, 0, 0, 1, 0 ], [ 0, 0, 0, 0, 0, 0, 0, 0, q^-2 ] ]
basis_T2 = "[ 1*(1*v0<x>1*v0), 1*(1*v0<x>F1*v0), 1*(1*v0<x>F1^(2)*v0), 1*(F1*v0<x>1*v0), 1*(F1*v0<x>F1*v0), 1*(F1*v0<x>F1^(2)*v0), 1*(F1^(2)*v0<x>1*v0), 1*(F1^(2)*v0<x>F1*v0), 1*(F1^(2)*v0<x>F1^(2)*v0) ]"
F_T2 = [ [ 0, 0, 0, 0, 0, 0, 0, 0, 0 ], [ 1, 0, 0, 0, 0, 0, 0, 0, 0 ], [ 0, q+q^-1, 0, 0, 0, 0, 0, 0, 0 ], [ q^-2, 0, 0, 0, 0, 0, 0, 0, 0 ], [ 0, 1, 0, 1, 0, 0, 0, 0, 0 ], [ 0, 0, q^2, 0, q+q^-1, 0, 0, 0, 0 ], [ 0, 0, 0, q^-1+q^-3, 0, 0, 0, 0, 0 ], [ 0, 0, 0, 0, q+q^-1, 0, 1, 0, 0 ], [ 0, 0, 0, 0, 0, q^3+q, 0, q+q^-1, 0 ] ]
K_T2 = [ [ q^4, 0, 0, 0, 0, 0, 0, 0, 0 ], [ 0, q^2, 0, 0, 0, 0, 0, 0, 0 ], [ 0, 0, 1, 0, 0, 0, 0, 0, 0 ], [ 0, 0, 0, q^2, 0, 0, 0, 0, 0 ], [ 0, 0, 0, 0, 1, 0, 0, 0, 0 ], [ 0, 0, 0, 0, 0, q^-2, 0, 0, 0 ], [ 0, 0, 0, 0, 0, 0, 1, 0, 0 ], [ 0, 0, 0, 0, 0, 0, 0, q^-2, 0 ], [ 0, 0, 0, 0, 0, 0, 0, 0, q^-4 ] ]
K_inv_T2 = [ [ q^-4, 0, 0, 0, 0, 0, 0, 0, 0 ], [ 0, q^-2, 0, 0, 0, 0, 0, 0, 0 ], [ 0, 0, 1, 0, 0, 0, 0, 0, 0 ], [ 0, 0, 0, q^-2, 0, 0, 0, 0, 0 ], [ 0, 0, 0, 0, 1, 0, 0, 0, 0 ], [ 0, 0, 0, 0, 0, q^2, 0, 0, 0 ], [ 0, 0, 0, 0, 0, 0, 1, 0, 0 ], [ 0, 0, 0, 0, 0, 0, 0, q^2, 0 ], [ 0, 0, 0, 0, 0, 0, 0, 0, q^4 ] ]
E_T2 = [ [ 0, q^3+q, 0, q+q^-1, 0, 0, 0, 0, 0 ], [ 0, 0, q^2, 0, q+q^-1, 0, 0, 0, 0 ], [ 0, 0, 0, 0, 0, q+q^-1, 0, 0, 0 ], [ 0, 0, 0, 0, q+q^-1, 0, 1, 0, 0 ], [ 0, 0, 0, 0, 0, 1, 0, 1, 0 ], [ 0, 0, 0, 0, 0, 0, 0, 0, 1 ], [ 0, 0, 0, 0, 0, 0, 0, q^-1+q^-3, 0 ], [ 0, 0, 0, 0, 0, 0, 0, 0, q^-2 ], [ 0, 0, 0, 0, 0, 0, 0, 0, 0 ] ]
